00000000
00000000
00000000
00000000
74845330
36136540
55448430
44357380
74368280
75477340
77333540
48843560
53743660
73623270
43322650
66784830
73453550
77815440
75585640
36146330
76735340
48458680
77365350
33844860
73636730
57537160
73353680
35558760
34653840
58643440
56733250
46436850
44838260
77674460
37743470
14426540
37645350
47854730
81868540
53452670
84265540
43473740
43656540
46373360
47444630
87738760
76333440
44648430
45856630
46631540
14455880
71586540
14445440
35453530
51658640
58453380
33635550
42336640
33867640
27454340
71831560
46854440
53535350
44438630
88377510
63666440
55636370
55766880
34475830
88855340
33335650
68452340
85573430
83476750
56533230
35736740
56434360
45654330
35757550
43534680
61433440
85146430
76367660
47813360
84133330
87334840
38655330
57677250
33735730
35564340
63532310
37633530
44885370
56568450
65434730
36586340
34848830
63666580
45763750
67853660
78545650
54634140
43847650
58753350
00000000
00000000
00000000
00000000
00000000
00000000
00000000
00000000
